45200856
20627791
27891382
50638239
22300913
49226500
53804651
49631245
30014262
59932448
45212298
437500
41733012
23886810
42046716
22243830
21978289
20635418
27803360
25680585
26252020
573771
56980962
23361668
32616962
65773312
36482514
21416890
23632829
23402548
22788671
21162266
64650417
50790099
19224913
29633039
22833515
22450092
38140578
32499868
29296279
34469363
25509383
460516
19786506
21185232
364256
36741234
70359974
464011
24972169
23433725
469088
50103165
36132001
37001055
21816609
34103207
67209732
21018926
32002388
47101969
24218205
43209773
28718115
34651223
21375584
54814171
40261421
19807385
24190487
36454694
47717540
41953297
22305858
68572495
29821583
334850
38296625
26311890
26056366
39053022
37324654
52330149
38808456
25778812
29314019
26510717
32545457
28957106
35153994
32723137
40439627
19037952
30983470
35184189
50833188
47067347
102038
23846771
23455265
19565638
35532944
21087074
22885456
65581249
28902982
20253540
37343775
44132665
46188742
20388880
37362311
44631161
45728049
40589468
24210066
21685010
32280786
21430892
31955713
43206869
31235012
20935635
40764057
21926575
58748663
22104492
38692784
53155372
30876013
22562052
23908582
20463672
22837667
58169085
25569862
20385981
19878753
34099771
31740043
47045135
43355539
35708241
31400823
62673523
22454847
43150454
23938817
43125129
32490624
40665635
29188343
22200381
36811654
45788952
20559843
44580770
24675372
35703915
39036993
52709316
20227573
50759303
22227216
57713
56893191
37447382
19584087
32154744
20007189
36367032
26199216
19433417
20097656
22660387
45668239
21306739
50470191
25984883
24456895
37169969
25736510
20216787
309056
37002100
26254053
31706783
23649265
28629570
37232955
23147747
22855417
30512003
51882585
20289716
28814400
44123170
50711622
23272957
69984377
534123
29309535
23330761
20031108
23929104
51496932
21017674
27691990
36422532
19853318
24966996
31043801
59207998
40966381
51142278
45766303
585048
4648
20714892
22004310
65982854
25882109
385840
24628216
23107016
20016044
25619271
22302295
34677287
47034719
23795607
21276358
50061447
515257
30262088
35979544
21052225
22432986
56663945
36349390
58209230
23246390
50439809
23184869
19680316
34205783
53800297
41773708
20910267
40626864
23273772
23930508
24853808
21514621
38986966
34532470
36710583
29410354
44295152
52740522
146854
42692041
20334731
63674783
27200843
37171909
20468023
37154202
36930412
32431436
20228703
67420986
7350
36131272
43413604
24762213
27772728
21828422
21949594
24305630
32497829
35368931
19957835
39988945
26490992
21085805
34791506
26062050
29444627
39800255
20935942
31923934
20758537
129518
33070137
31790133
30391214
20040472
40907557
21691594
45585026
30913243
27251736
21204237
44631776
70359648
23238504
25503025
24707533
19708283
43433932
18994679
25379544
21007617
35345699
25369173
20373432
47691788
37030177
21011255
35665558
22064426
21470449
41726479
23007275
20054914
27172832
39640205
25906105
29703685
29237480
21136686
28731748
44593576
24893202
42839198
20759436
55925380
30587285
32981216
28781699
36782900
20856174
37230942
49044503
28353497
24967258
38740839
19749335
47533617
22681647
24940158
25945203
26572990
19360159
45727140
25123267
395313
28699489
21480269
21138170
51613819
32171652
35880995
39840466
35202915
21944884
31765781
32292994
29833169
23555770
43257123
68789199
21059607
28329959
21874832
33390155
38933582
26680900
35021428
23989945
59722995
23295198
21283199
185625
35019586
46820282
44714201
21531191
36555179
20308726
20736268
29261869
39028525
20162446
29273126
34572413
22195988
551757
22229767
31626180
23389015
38823539
21415340
24689081
26614661
32529501
20933494
36229805
27456295
22054371
48453012
26483117
24287310
32384094
28957129
38325746
36332177
28739524
30581726
41352535
391286
24985806
36445532
2458
25117208
41849258
28319774
48031860
55484478
29201785
37900567
45199325
23428739
31685211
35373570
20273101
19374128
20161229
19932350
19345603
37043786
35499217
20969566
24333041
21408732
22051923
19305690
39655359
34936207
28456097
42130327
35839291
22334217
21618216
36840047
40637633
31553352
24845967
60200423
21683833
23863149
27433075
27441526
24479725
23856019
45982273
34449346
23548519
27302393
35851082
41772260
40387159
25150885
40530430
20541553
30016224
20696516
39232674
38674750
24135730
38629446
34899545
42962143
20023822
20492467
25417986
25361441
45782598
37566463
21132173
42223616
36731074
23007830
23799352
37854731
24052866
31308502
23134764
34520148
70359755
29810605
30542425
22053490
32331921
19199178
21376096
22976918
21246076
27473220
30367206
20181337
22941674
50422427
30231072
22547402
19958718
44556529
37865730
42836027
46048631
48582143
32615836
31480573
59226686
40708560
55373677
21501720
42949970
20826275
28694587
25135388
21974734
